{
    "scene_name": "mydesk",
    "frames": [
        {
            "file_path": "images_undistort/frame0.jpg",
            "w2c": [
                [
                    0.07474042617617713,
                    0.9971503794219797,
                    0.01024643906952607,
                    4.814849263565728
                ],
                [
                    0.990489963458296,
                    -0.07542361975154811,
                    0.11506915256469592,
                    -4.26607263895771
                ],
                [
                    0.11551407266383956,
                    0.0015486775571356144,
                    -0.9933046363600833,
                    2.492570807267528
                ],
                [
                    0.0,
                    0.0,
                    0.0,
                    1.0
                ]
            ],
            "h": 1080,
            "w": 1920,
            "fx": 1658.4341633495567,
            "fy": 1660.6506839015397,
            "cx": 958.0948282418394,
            "cy": 540.962310498062
        },
        {
            "file_path": "images_undistort/frame10.jpg",
            "w2c": [
                [
                    0.07310582903818202,
                    0.9972996344454225,
                    0.00699834949592308,
                    4.822072903786669
                ],
                [
                    0.9902218647810539,
                    -0.0734193804263101,
                    0.1186180976383832,
                    -4.268270105281662
                ],
                [
                    0.11881159989736843,
                    -0.0017417556785435226,
                    -0.9929152884395445,
                    2.4303637501111055
                ],
                [
                    0.0,
                    0.0,
                    0.0,
                    1.0
                ]
            ],
            "h": 1080,
            "w": 1920,
            "fx": 1658.4341633495567,
            "fy": 1660.6506839015397,
            "cx": 958.0948282418394,
            "cy": 540.962310498062
        },
        {
            "file_path": "images_undistort/frame20.jpg",
            "w2c": [
                [
                    0.071987330721978,
                    0.9973914057061173,
                    0.0053111240900751725,
                    4.832111335552998
                ],
                [
                    0.9904886578633852,
                    -0.07211312329954303,
                    0.11718325858233752,
                    -4.229557052866503
                ],
                [
                    0.1172605767490278,
                    -0.003175101818921345,
                    -0.9930961060586858,
                    2.3820494706982256
                ],
                [
                    0.0,
                    0.0,
                    0.0,
                    1.0
                ]
            ],
            "h": 1080,
            "w": 1920,
            "fx": 1658.4341633495567,
            "fy": 1660.6506839015397,
            "cx": 958.0948282418394,
            "cy": 540.962310498062
        },
        {
            "file_path": "images_undistort/frame50.jpg",
            "w2c": [
                [
                    0.07701713529606367,
                    0.9970291269316608,
                    -0.0011317776627170588,
                    4.709073736522219
                ],
                [
                    0.990045940668321,
                    -0.07634348753568004,
                    0.11824004092129363,
                    -4.132544564853501
                ],
                [
                    0.11780236091423443,
                    -0.010227021109759477,
                    -0.9929843965552796,
                    2.122544443259661
                ],
                [
                    0.0,
                    0.0,
                    0.0,
                    1.0
                ]
            ],
            "h": 1080,
            "w": 1920,
            "fx": 1658.4341633495567,
            "fy": 1660.6506839015397,
            "cx": 958.0948282418394,
            "cy": 540.962310498062
        },
        {
            "file_path": "images_undistort/frame60.jpg",
            "w2c": [
                [
                    0.07922716370461132,
                    0.9968553937239818,
                    -0.0015428981585592467,
                    4.625859202593861
                ],
                [
                    0.9896961676798844,
                    -0.07847280206565338,
                    0.11976441464690162,
                    -4.097878059771451
                ],
                [
                    0.11926672717515524,
                    -0.011015595279863457,
                    -0.9928011404352622,
                    2.0437584862539575
                ],
                [
                    0.0,
                    0.0,
                    0.0,
                    1.0
                ]
            ],
            "h": 1080,
            "w": 1920,
            "fx": 1658.4341633495567,
            "fy": 1660.6506839015397,
            "cx": 958.0948282418394,
            "cy": 540.962310498062
        },
        {
            "file_path": "images_undistort/frame70.jpg",
            "w2c": [
                [
                    0.08105573656837996,
                    0.9966997876245501,
                    -0.004415984435407504,
                    4.550197565379915
                ],
                [
                    0.9896757955518295,
                    -0.07995750498152869,
                    0.11894795961252243,
                    -4.061649224667423
                ],
                [
                    0.11820231498668222,
                    -0.014011807388955334,
                    -0.9928906697041139,
                    1.9761997930918913
                ],
                [
                    0.0,
                    0.0,
                    0.0,
                    1.0
                ]
            ],
            "h": 1080,
            "w": 1920,
            "fx": 1658.4341633495567,
            "fy": 1660.6506839015397,
            "cx": 958.0948282418394,
            "cy": 540.962310498062
        },
        {
            "file_path": "images_undistort/frame80.jpg",
            "w2c": [
                [
                    0.08150204936644226,
                    0.9966473099307342,
                    -0.0071802198365398355,
                    4.488826650498676
                ],
                [
                    0.9895170306293705,
                    -0.08005301067845429,
                    0.120198009866006,
                    -4.017310895933414
                ],
                [
                    0.11922022497673455,
                    -0.016901333945766338,
                    -0.992723971135658,
                    1.8845294066958724
                ],
                [
                    0.0,
                    0.0,
                    0.0,
                    1.0
                ]
            ],
            "h": 1080,
            "w": 1920,
            "fx": 1658.4341633495567,
            "fy": 1660.6506839015397,
            "cx": 958.0948282418394,
            "cy": 540.962310498062
        },
        {
            "file_path": "images_undistort/frame90.jpg",
            "w2c": [
                [
                    0.08165317257130848,
                    0.9966041104528597,
                    -0.01063044860315804,
                    4.447413466353742
                ],
                [
                    0.9889943524911932,
                    -0.07970007473653369,
                    0.12465179031011371,
                    -3.979741028305654
                ],
                [
                    0.1233812390502127,
                    -0.020691667778485467,
                    -0.9921436008637957,
                    1.7469478030549295
                ],
                [
                    0.0,
                    0.0,
                    0.0,
                    1.0
                ]
            ],
            "h": 1080,
            "w": 1920,
            "fx": 1658.4341633495567,
            "fy": 1660.6506839015397,
            "cx": 958.0948282418394,
            "cy": 540.962310498062
        },
        {
            "file_path": "images_undistort/frame100.jpg",
            "w2c": [
                [
                    0.0819929596683073,
                    0.9965481391163251,
                    -0.012998499475747317,
                    4.406891564925652
                ],
                [
                    0.9888950047291747,
                    -0.07972736207475371,
                    0.1254201632844054,
                    -3.920823347210549
                ],
                [
                    0.12395089425460842,
                    -0.02313772159031208,
                    -0.992018559127344,
                    1.6266802671893155
                ],
                [
                    0.0,
                    0.0,
                    0.0,
                    1.0
                ]
            ],
            "h": 1080,
            "w": 1920,
            "fx": 1658.4341633495567,
            "fy": 1660.6506839015397,
            "cx": 958.0948282418394,
            "cy": 540.962310498062
        },
        {
            "file_path": "images_undistort/frame110.jpg",
            "w2c": [
                [
                    0.08104186956565432,
                    0.9966146211714754,
                    -0.013838794909248666,
                    4.369014131919056
                ],
                [
                    0.9887679790818453,
                    -0.07863895066167777,
                    0.12709759628424808,
                    -3.8551516632830185
                ],
                [
                    0.1255790544625455,
                    -0.02398358409552216,
                    -0.991793672481442,
                    1.5066153358763714
                ],
                [
                    0.0,
                    0.0,
                    0.0,
                    1.0
                ]
            ],
            "h": 1080,
            "w": 1920,
            "fx": 1658.4341633495567,
            "fy": 1660.6506839015397,
            "cx": 958.0948282418394,
            "cy": 540.962310498062
        },
        {
            "file_path": "images_undistort/frame120.jpg",
            "w2c": [
                [
                    0.07893106794702631,
                    0.9967219784361394,
                    -0.017753428263017457,
                    4.359016156939388
                ],
                [
                    0.9890214544370658,
                    -0.07606465308489878,
                    0.12669148043284031,
                    -3.7866725736799265
                ],
                [
                    0.12492577466612999,
                    -0.02755841529228751,
                    -0.9917832850833115,
                    1.4111396981031736
                ],
                [
                    0.0,
                    0.0,
                    0.0,
                    1.0
                ]
            ],
            "h": 1080,
            "w": 1920,
            "fx": 1658.4341633495567,
            "fy": 1660.6506839015397,
            "cx": 958.0948282418394,
            "cy": 540.962310498062
        },
        {
            "file_path": "images_undistort/frame130.jpg",
            "w2c": [
                [
                    0.0774242406265476,
                    0.9967354727778565,
                    -0.022888518294226584,
                    4.352170445870125
                ],
                [
                    0.9888893020833528,
                    -0.07385222894737224,
                    0.12901083870979388,
                    -3.7379849586078344
                ],
                [
                    0.12689931122154288,
                    -0.03262277710139958,
                    -0.9913789987818433,
                    1.3089086934196998
                ],
                [
                    0.0,
                    0.0,
                    0.0,
                    1.0
                ]
            ],
            "h": 1080,
            "w": 1920,
            "fx": 1658.4341633495567,
            "fy": 1660.6506839015397,
            "cx": 958.0948282418394,
            "cy": 540.962310498062
        },
        {
            "file_path": "images_undistort/frame140.jpg",
            "w2c": [
                [
                    0.07526635768687637,
                    0.996884167614208,
                    -0.023599401701719664,
                    4.333100589802008
                ],
                [
                    0.9888970450142714,
                    -0.07158045004474417,
                    0.13022623980378775,
                    -3.706224049620068
                ],
                [
                    0.12813122087373138,
                    -0.03313903335222418,
                    -0.9912034073316572,
                    1.2471685677635862
                ],
                [
                    0.0,
                    0.0,
                    0.0,
                    1.0
                ]
            ],
            "h": 1080,
            "w": 1920,
            "fx": 1658.4341633495567,
            "fy": 1660.6506839015397,
            "cx": 958.0948282418394,
            "cy": 540.962310498062
        },
        {
            "file_path": "images_undistort/frame150.jpg",
            "w2c": [
                [
                    0.0738738345083192,
                    0.9969933333825993,
                    -0.02338695717041146,
                    4.313166804539415
                ],
                [
                    0.9887078169004524,
                    -0.07015364217364406,
                    0.13242099263226187,
                    -3.6695627474257724
                ],
                [
                    0.13038216662940805,
                    -0.03290531386304497,
                    -0.9909176206651065,
                    1.1745778735292123
                ],
                [
                    0.0,
                    0.0,
                    0.0,
                    1.0
                ]
            ],
            "h": 1080,
            "w": 1920,
            "fx": 1658.4341633495567,
            "fy": 1660.6506839015397,
            "cx": 958.0948282418394,
            "cy": 540.962310498062
        },
        {
            "file_path": "images_undistort/frame160.jpg",
            "w2c": [
                [
                    0.07188710329761328,
                    0.9971590047021502,
                    -0.022498082604860446,
                    4.294279229335838
                ],
                [
                    0.9893390434191816,
                    -0.06842285000625203,
                    0.12855571073834382,
                    -3.6078766725115097
                ],
                [
                    0.1266511016371238,
                    -0.03149972918040377,
                    -0.9914470563351652,
                    1.1449780656650097
                ],
                [
                    0.0,
                    0.0,
                    0.0,
                    1.0
                ]
            ],
            "h": 1080,
            "w": 1920,
            "fx": 1658.4341633495567,
            "fy": 1660.6506839015397,
            "cx": 958.0948282418394,
            "cy": 540.962310498062
        },
        {
            "file_path": "images_undistort/frame170.jpg",
            "w2c": [
                [
                    0.07203099445580813,
                    0.9970879445430093,
                    -0.0250432962028606,
                    4.279563937345549
                ],
                [
                    0.9893611307793484,
                    -0.06824584425449519,
                    0.12847979469550977,
                    -3.5733801312566924
                ],
                [
                    0.12639655351597398,
                    -0.03403139122909997,
                    -0.9913958723286553,
                    1.0743542295200876
                ],
                [
                    0.0,
                    0.0,
                    0.0,
                    1.0
                ]
            ],
            "h": 1080,
            "w": 1920,
            "fx": 1658.4341633495567,
            "fy": 1660.6506839015397,
            "cx": 958.0948282418394,
            "cy": 540.962310498062
        },
        {
            "file_path": "images_undistort/frame180.jpg",
            "w2c": [
                [
                    0.0732272442090967,
                    0.9969706952626933,
                    -0.026214566427143347,
                    4.250901079701884
                ],
                [
                    0.9891871822753376,
                    -0.06925633621708864,
                    0.12927597733517016,
                    -3.5358447505175645
                ],
                [
                    0.12706883617834538,
                    -0.03539763666132775,
                    -0.991262083503184,
                    0.9745413358057817
                ],
                [
                    0.0,
                    0.0,
                    0.0,
                    1.0
                ]
            ],
            "h": 1080,
            "w": 1920,
            "fx": 1658.4341633495567,
            "fy": 1660.6506839015397,
            "cx": 958.0948282418394,
            "cy": 540.962310498062
        },
        {
            "file_path": "images_undistort/frame190.jpg",
            "w2c": [
                [
                    0.07502046362729346,
                    0.9968742131885773,
                    -0.024773637536718608,
                    4.207974351774479
                ],
                [
                    0.9886779687490037,
                    -0.0711200948710226,
                    0.1321279917953829,
                    -3.502202525133476
                ],
                [
                    0.1299530844092974,
                    -0.03440545284095987,
                    -0.9909230346839851,
                    0.8562069554355792
                ],
                [
                    0.0,
                    0.0,
                    0.0,
                    1.0
                ]
            ],
            "h": 1080,
            "w": 1920,
            "fx": 1658.4341633495567,
            "fy": 1660.6506839015397,
            "cx": 958.0948282418394,
            "cy": 540.962310498062
        },
        {
            "file_path": "images_undistort/frame200.jpg",
            "w2c": [
                [
                    0.07756387946905088,
                    0.996786780026834,
                    -0.019998994110882563,
                    4.1542794624100665
                ],
                [
                    0.9885033195466468,
                    -0.07427701220478487,
                    0.13169704895399148,
                    -3.4591905155156173
                ],
                [
                    0.12978841183622802,
                    -0.02998400609769834,
                    -0.9910882541587116,
                    0.7646000112822888
                ],
                [
                    0.0,
                    0.0,
                    0.0,
                    1.0
                ]
            ],
            "h": 1080,
            "w": 1920,
            "fx": 1658.4341633495567,
            "fy": 1660.6506839015397,
            "cx": 958.0948282418394,
            "cy": 540.962310498062
        },
        {
            "file_path": "images_undistort/frame210.jpg",
            "w2c": [
                [
                    0.0781874941831542,
                    0.996772117892367,
                    -0.0182225340094169,
                    4.12982989463473
                ],
                [
                    0.988198924408355,
                    -0.07507411171920392,
                    0.13351690360303844,
                    -3.4045616044755453
                ],
                [
                    0.13171788622480174,
                    -0.028446840631915774,
                    -0.9908789914548256,
                    0.639986898008504
                ],
                [
                    0.0,
                    0.0,
                    0.0,
                    1.0
                ]
            ],
            "h": 1080,
            "w": 1920,
            "fx": 1658.4341633495567,
            "fy": 1660.6506839015397,
            "cx": 958.0948282418394,
            "cy": 540.962310498062
        },
        {
            "file_path": "images_undistort/frame220.jpg",
            "w2c": [
                [
                    0.07787839883959058,
                    0.9968524242211636,
                    -0.014839114480689886,
                    4.113991260031567
                ],
                [
                    0.9881342112429542,
                    -0.07520373148418198,
                    0.13392228844415544,
                    -3.3495085608042836
                ],
                [
                    0.1323848011119334,
                    -0.02509269007588503,
                    -0.9908807301281568,
                    0.5395441500194011
                ],
                [
                    0.0,
                    0.0,
                    0.0,
                    1.0
                ]
            ],
            "h": 1080,
            "w": 1920,
            "fx": 1658.4341633495567,
            "fy": 1660.6506839015397,
            "cx": 958.0948282418394,
            "cy": 540.962310498062
        },
        {
            "file_path": "images_undistort/frame230.jpg",
            "w2c": [
                [
                    0.08073403928938551,
                    0.9966726779749123,
                    -0.0112065997669503,
                    4.080873997721575
                ],
                [
                    0.9872835240654313,
                    -0.07841864605890704,
                    0.13828144871685077,
                    -3.32871506580309
                ],
                [
                    0.13694253542622586,
                    -0.022228111224404906,
                    -0.9903295679027423,
                    0.44446674503088346
                ],
                [
                    0.0,
                    0.0,
                    0.0,
                    1.0
                ]
            ],
            "h": 1080,
            "w": 1920,
            "fx": 1658.4341633495567,
            "fy": 1660.6506839015397,
            "cx": 958.0948282418394,
            "cy": 540.962310498062
        },
        {
            "file_path": "images_undistort/frame240.jpg",
            "w2c": [
                [
                    0.08135848167382217,
                    0.9966449671591133,
                    -0.008922269674276959,
                    4.064669718525067
                ],
                [
                    0.9867339015107923,
                    -0.07928113482092179,
                    0.14167113068934284,
                    -3.3132659731320424
                ],
                [
                    0.14048845172831953,
                    -0.020330054055929293,
                    -0.9898735696204152,
                    0.37232142737843804
                ],
                [
                    0.0,
                    0.0,
                    0.0,
                    1.0
                ]
            ],
            "h": 1080,
            "w": 1920,
            "fx": 1658.4341633495567,
            "fy": 1660.6506839015397,
            "cx": 958.0948282418394,
            "cy": 540.962310498062
        },
        {
            "file_path": "images_undistort/frame250.jpg",
            "w2c": [
                [
                    0.08128008203428726,
                    0.9966463449576242,
                    -0.009466327012514757,
                    4.062152430844646
                ],
                [
                    0.9865900382508536,
                    -0.07910391909964332,
                    0.14276787596394663,
                    -3.2983180219307453
                ],
                [
                    0.14154025819066215,
                    -0.020943568599582556,
                    -0.9897109286279682,
                    0.3256991254703507
                ],
                [
                    0.0,
                    0.0,
                    0.0,
                    1.0
                ]
            ],
            "h": 1080,
            "w": 1920,
            "fx": 1658.4341633495567,
            "fy": 1660.6506839015397,
            "cx": 958.0948282418394,
            "cy": 540.962310498062
        },
        {
            "file_path": "images_undistort/frame260.jpg",
            "w2c": [
                [
                    0.08161289360601953,
                    0.9965886165940224,
                    -0.012266412371397459,
                    4.060493368552065
                ],
                [
                    0.9864629522626136,
                    -0.07901505816245276,
                    0.14369225586966214,
                    -3.292295877656148
                ],
                [
                    0.14223283520545033,
                    -0.023827502151859064,
                    -0.9895463964517389,
                    0.2880363694605588
                ],
                [
                    0.0,
                    0.0,
                    0.0,
                    1.0
                ]
            ],
            "h": 1080,
            "w": 1920,
            "fx": 1658.4341633495567,
            "fy": 1660.6506839015397,
            "cx": 958.0948282418394,
            "cy": 540.962310498062
        },
        {
            "file_path": "images_undistort/frame270.jpg",
            "w2c": [
                [
                    0.08080018896731381,
                    0.9966364862341821,
                    -0.01367639461368869,
                    4.048300907292218
                ],
                [
                    0.9869001233131592,
                    -0.07807344095186262,
                    0.14118315913169954,
                    -3.260780706369875
                ],
                [
                    0.13964052444515226,
                    -0.024904861467572457,
                    -0.9898890199451471,
                    0.2609392801838198
                ],
                [
                    0.0,
                    0.0,
                    0.0,
                    1.0
                ]
            ],
            "h": 1080,
            "w": 1920,
            "fx": 1658.4341633495567,
            "fy": 1660.6506839015397,
            "cx": 958.0948282418394,
            "cy": 540.962310498062
        },
        {
            "file_path": "images_undistort/frame280.jpg",
            "w2c": [
                [
                    0.08015079945121745,
                    0.9966972056877997,
                    -0.013058695243499705,
                    4.013729198961182
                ],
                [
                    0.9878285394395346,
                    -0.07767191457349804,
                    0.13476590946987665,
                    -3.204121291374727
                ],
                [
                    0.13330651152920656,
                    -0.02370134723215332,
                    -0.9907914110060173,
                    0.23093727924368693
                ],
                [
                    0.0,
                    0.0,
                    0.0,
                    1.0
                ]
            ],
            "h": 1080,
            "w": 1920,
            "fx": 1658.4341633495567,
            "fy": 1660.6506839015397,
            "cx": 958.0948282418394,
            "cy": 540.962310498062
        },
        {
            "file_path": "images_undistort/frame290.jpg",
            "w2c": [
                [
                    0.0791034630675223,
                    0.9967990749052492,
                    -0.011586474820433647,
                    3.9529284541820306
                ],
                [
                    0.9882956513497654,
                    -0.07689721241215433,
                    0.13175175234653652,
                    -3.1586019492623447
                ],
                [
                    0.13043905724079813,
                    -0.02187288255533372,
                    -0.9912150268003671,
                    0.19733937126890747
                ],
                [
                    0.0,
                    0.0,
                    0.0,
                    1.0
                ]
            ],
            "h": 1080,
            "w": 1920,
            "fx": 1658.4341633495567,
            "fy": 1660.6506839015397,
            "cx": 958.0948282418394,
            "cy": 540.962310498062
        },
        {
            "file_path": "images_undistort/frame300.jpg",
            "w2c": [
                [
                    0.07979712576822898,
                    0.9966848628070796,
                    -0.015865149553736052,
                    3.894530701247319
                ],
                [
                    0.9881625009936487,
                    -0.07700272607967688,
                    0.13268553729128063,
                    -3.1322666982455796
                ],
                [
                    0.13102400676634426,
                    -0.026265270368515437,
                    -0.9910312029514317,
                    0.1298690111720681
                ],
                [
                    0.0,
                    0.0,
                    0.0,
                    1.0
                ]
            ],
            "h": 1080,
            "w": 1920,
            "fx": 1658.4341633495567,
            "fy": 1660.6506839015397,
            "cx": 958.0948282418394,
            "cy": 540.962310498062
        },
        {
            "file_path": "images_undistort/frame310.jpg",
            "w2c": [
                [
                    0.07958416419403522,
                    0.9966993286204249,
                    -0.016025265586911856,
                    3.828266777376336
                ],
                [
                    0.987802950651071,
                    -0.07669501906554996,
                    0.13551090264466817,
                    -3.1038024173212557
                ],
                [
                    0.1338345676369698,
                    -0.02661432655787379,
                    -0.9906462467133744,
                    0.06557762905755114
                ],
                [
                    0.0,
                    0.0,
                    0.0,
                    1.0
                ]
            ],
            "h": 1080,
            "w": 1920,
            "fx": 1658.4341633495567,
            "fy": 1660.6506839015397,
            "cx": 958.0948282418394,
            "cy": 540.962310498062
        },
        {
            "file_path": "images_undistort/frame320.jpg",
            "w2c": [
                [
                    0.07768897434731135,
                    0.9968099127497987,
                    -0.01828718427210803,
                    3.78379152301066
                ],
                [
                    0.9879701623677583,
                    -0.07451402151419809,
                    0.13550874093137652,
                    -3.0744898858645504
                ],
                [
                    0.13371380458235457,
                    -0.028594727512617858,
                    -0.990607369255141,
                    0.008751253302768727
                ],
                [
                    0.0,
                    0.0,
                    0.0,
                    1.0
                ]
            ],
            "h": 1080,
            "w": 1920,
            "fx": 1658.4341633495567,
            "fy": 1660.6506839015397,
            "cx": 958.0948282418394,
            "cy": 540.962310498062
        },
        {
            "file_path": "images_undistort/frame330.jpg",
            "w2c": [
                [
                    0.07661451433930953,
                    0.9968186948629293,
                    -0.021970565862490233,
                    3.7619529225145554
                ],
                [
                    0.9876896943818477,
                    -0.0728619886645525,
                    0.1384203677922395,
                    -3.0392896206449387
                ],
                [
                    0.1363791912442803,
                    -0.03230511073519026,
                    -0.9901298379586098,
                    -0.08463132364652351
                ],
                [
                    0.0,
                    0.0,
                    0.0,
                    1.0
                ]
            ],
            "h": 1080,
            "w": 1920,
            "fx": 1658.4341633495567,
            "fy": 1660.6506839015397,
            "cx": 958.0948282418394,
            "cy": 540.962310498062
        },
        {
            "file_path": "images_undistort/frame340.jpg",
            "w2c": [
                [
                    0.07669486801671166,
                    0.9967522795119031,
                    -0.024551792352578962,
                    3.7546473075502305
                ],
                [
                    0.9873329155325945,
                    -0.07249375236780856,
                    0.14113245471379526,
                    -3.0080923450476287
                ],
                [
                    0.13889424439409218,
                    -0.03506492771217171,
                    -0.9896862329641322,
                    -0.18351883184083004
                ],
                [
                    0.0,
                    0.0,
                    0.0,
                    1.0
                ]
            ],
            "h": 1080,
            "w": 1920,
            "fx": 1658.4341633495567,
            "fy": 1660.6506839015397,
            "cx": 958.0948282418394,
            "cy": 540.962310498062
        },
        {
            "file_path": "images_undistort/frame350.jpg",
            "w2c": [
                [
                    0.07552878931560288,
                    0.9967641441420156,
                    -0.027507143387753282,
                    3.7781017475561622
                ],
                [
                    0.9868805794432983,
                    -0.07077528908259699,
                    0.14511230262432792,
                    -2.968593943739493
                ],
                [
                    0.1426959141047107,
                    -0.03810642213735073,
                    -0.9890327480370462,
                    -0.31051426075624833
                ],
                [
                    0.0,
                    0.0,
                    0.0,
                    1.0
                ]
            ],
            "h": 1080,
            "w": 1920,
            "fx": 1658.4341633495567,
            "fy": 1660.6506839015397,
            "cx": 958.0948282418394,
            "cy": 540.962310498062
        },
        {
            "file_path": "images_undistort/frame360.jpg",
            "w2c": [
                [
                    0.07472526873134133,
                    0.9968231006434162,
                    -0.02756519973943717,
                    3.802826456670581
                ],
                [
                    0.9865995858454893,
                    -0.06988178459390787,
                    0.14743742195073603,
                    -2.9282714424713663
                ],
                [
                    0.14504272274932492,
                    -0.038213115623001816,
                    -0.9886871933892163,
                    -0.41408756346412456
                ],
                [
                    0.0,
                    0.0,
                    0.0,
                    1.0
                ]
            ],
            "h": 1080,
            "w": 1920,
            "fx": 1658.4341633495567,
            "fy": 1660.6506839015397,
            "cx": 958.0948282418394,
            "cy": 540.962310498062
        },
        {
            "file_path": "images_undistort/frame370.jpg",
            "w2c": [
                [
                    0.0752324670804666,
                    0.9968594734513263,
                    -0.02472379597333673,
                    3.7928942791318314
                ],
                [
                    0.9861056920236899,
                    -0.07069252796950003,
                    0.15032674628209414,
                    -2.893822165905144
                ],
                [
                    0.14810685350606215,
                    -0.03568972792872104,
                    -0.9883271742013916,
                    -0.5060323810380314
                ],
                [
                    0.0,
                    0.0,
                    0.0,
                    1.0
                ]
            ],
            "h": 1080,
            "w": 1920,
            "fx": 1658.4341633495567,
            "fy": 1660.6506839015397,
            "cx": 958.0948282418394,
            "cy": 540.962310498062
        },
        {
            "file_path": "images_undistort/frame380.jpg",
            "w2c": [
                [
                    0.0760580800975208,
                    0.9968005590242763,
                    -0.02457262665587951,
                    3.770049929676887
                ],
                [
                    0.9858224703560348,
                    -0.07147819358774284,
                    0.1518055492482342,
                    -2.853847618815664
                ],
                [
                    0.14956344938855887,
                    -0.035770286137006016,
                    -0.9881048837227111,
                    -0.6036061580209826
                ],
                [
                    0.0,
                    0.0,
                    0.0,
                    1.0
                ]
            ],
            "h": 1080,
            "w": 1920,
            "fx": 1658.4341633495567,
            "fy": 1660.6506839015397,
            "cx": 958.0948282418394,
            "cy": 540.962310498062
        },
        {
            "file_path": "images_undistort/frame390.jpg",
            "w2c": [
                [
                    0.07623425430653896,
                    0.9967594073429679,
                    -0.025671430494249872,
                    3.734768143194123
                ],
                [
                    0.9852851306104472,
                    -0.07135666525788784,
                    0.15531077786563222,
                    -2.8151252838893823
                ],
                [
                    0.1529756512268536,
                    -0.037133680083838994,
                    -0.9875320450168446,
                    -0.7159014162079186
                ],
                [
                    0.0,
                    0.0,
                    0.0,
                    1.0
                ]
            ],
            "h": 1080,
            "w": 1920,
            "fx": 1658.4341633495567,
            "fy": 1660.6506839015397,
            "cx": 958.0948282418394,
            "cy": 540.962310498062
        },
        {
            "file_path": "images_undistort/frame400.jpg",
            "w2c": [
                [
                    0.07657340967389034,
                    0.9967477535445772,
                    -0.025108339944195885,
                    3.6616397715596785
                ],
                [
                    0.9846100187167269,
